MC Switch 'ON' V0.8.5
MC Switch 'ON' V0.1
0, wait:0, coll:1, acc:0, vel_1:0, vel_2:0, lamda:0, pos_1:0, pos_2:0, posx_1:0, posx_2:0 
Ready to recive commands:
0x0 0 0 
Target:1
0x0 0 0 
0x0 0 0 
0x0 0 0 
0x0 0 0 
0x0 0 0 
0x0 0 0 
0x0 0 0 
0x0 0 0 
0x0 0 0 
0x0 0 0 
0x0 0 0 
0x0 0 0 
0x0 0 0 
0x0 0 0 
0x0 0 0 
0x0 0 0 
0x0 0 0 
0x0 0 0 
0x0 0 0 
0x0 0 0 
0x0 0 0 
0x0 0 0 
0x0 0 0 
0x0 0 0 
0x0 0 0 
0x0 0 0 
0x0 0 0 
Json CMD: {"cmd":"P", "sub":"0" }  >>   50 30 0
 >> {"cmd":"P", "sub":"0" }  0
Start doCommands
Entro a do command
Turn On
Position Rad:0 0
Motor position: 0 0
0x1 0 0 
0x1 0 0 
0x1 0 0 
0x1 0 0 
Json CMD: {"cmd":"O", "sub":"0" }  >>   4f 30 0
 >> {"cmd":"O", "sub":"0" }  0
Start doCommands
Entro a do command
Motion Out
0 0 0 0 61.2709 70.7773 -2.60065 3f763
0 0 0 0 61.2709 70.7773 -2.60065 1addc
0 0 0 0 61.2709 70.7773 -2.60065 1d149
0 0 0 0 61.2709 70.7773 -2.60065 1ad85
0 0 0 0 61.2709 70.7773 -2.60065 1adc2
0 0 0 0 61.2709 70.7773 -2.60065 1acec
0 0 0 0 61.2709 70.7773 -2.60065 1acdd
0 0 0 0 61.2709 70.7773 -2.60065 1ad18
0 0 0 0 61.2709 70.7773 -2.60065 19f6a
0 0 0 0 61.2709 70.7773 -2.60065 1aea6
0 0 0 0 61.2709 70.7773 -2.60065 1ad2b
0 0 0 0 61.2709 70.7773 -2.60065 1a380
0 0 0 0 61.2709 70.7773 -2.60065 1adb3
0 0 0 0 61.2709 70.7773 -2.60065 1ad97
0 0 0 0 61.2709 70.7773 -2.60065 19a36
0 0 0 0 61.2709 70.7773 -2.60065 185fc
0 0 0 0 61.2709 70.7773 -2.60065 1c522
0 0 0 0 61.2709 70.7773 -2.60065 1ade7
0 0 0 0 61.2709 70.7773 -2.60065 1add4
0 0 0 0 61.2709 70.7773 -2.60065 1a894
0 0 0 0 61.2709 70.7773 -2.60065 1acfe
0 0 0 0 61.2709 70.7773 -2.60065 1ae1e
0 0 0 0 61.2709 70.7773 -2.60065 1ad7b
0 0 0 0 61.2709 70.7773 -2.60065 1d350
0 0 0 0 61.2709 70.7773 -2.60065 1adc2
0 0 0 0 61.2709 70.7773 -2.60065 1ae44
0 0 0 0 61.2709 70.7773 -2.60065 1adbf
0 0 0 0 61.2709 70.7773 -2.60065 1ad51
0 0 0 0 61.2709 70.7773 -2.60065 1ad34
0 0 0 0 61.2709 70.7773 -2.60065 1adaf
0 0 0 0 61.2709 70.7773 -2.60065 1ac8e
0 0 0 0 61.2709 70.7773 -2.60065 1ad13
0 0 0 0 61.2709 70.7773 -2.60065 1ad89
0 0 0 0 61.2709 70.7773 -2.60065 1ad3f
0 0 0 0 61.2709 70.7773 -2.60065 1a4ec
0 0 0 0 61.2709 70.7773 -2.60065 1ae11
0 0 0 0 61.2709 70.7773 -2.60065 1ad8c
0 0 0 0 61.2709 70.7773 -2.60065 1aa22
0 0 0 0 61.2709 70.7773 -2.60065 1ad33
0 0 0 0 61.2709 70.7773 -2.60065 1ad05
0 0 0 0 61.2709 70.7773 -2.60065 1adeb
0 0 0 0 61.2709 70.7773 -2.60065 1a920
0 0 0 0 61.2709 70.7773 -2.60065 1a486
0 0 0 0 61.2709 70.7773 -2.60065 1addd
0 0 0 0 61.2709 70.7773 -2.60065 19a74
0 0 0 0 61.2709 70.7773 -2.60065 1adbd
0 0 0 0 61.2709 70.7773 -2.60065 19db1
0 0 0 0 61.2709 70.7773 -2.60065 1b6f1
0 0 0 0 61.2709 70.7773 -2.60065 1acb3
0 0 0 0 61.2709 70.7773 -2.60065 1adaf
0 0 0 0 61.2709 70.7773 -2.60065 1c153
0 0 0 0 61.2709 70.7773 -2.60065 1ad2d
0 0 0 0 61.2709 70.7773 -2.60065 1ae0d
0 0 0 0 61.2709 70.7773 -2.60065 1a363
0 0 0 0 61.2709 70.7773 -2.60065 1add7
0 0 0 0 61.2709 70.7773 -2.60065 1acc8
0 0 0 0 61.2709 70.7773 -2.60065 1adef
0 0 0 0 61.2709 70.7773 -2.60065 1a9b3
0 0 0 0 61.2709 70.7773 -2.60065 1ad17
0 0 0 0 61.2709 70.7773 -2.60065 1adaa
0 0 0 0 61.2709 70.7773 -2.60065 1ade7
0 0 0 0 61.2709 70.7773 -2.60065 1acf7
0 0 0 0 61.2709 70.7773 -2.60065 1ac52
0 0 0 0 61.2709 70.7773 -2.60065 1adbc
0 0 0 0 61.2709 70.7773 -2.60065 1acf5
0 0 0 0 61.2709 70.7773 -2.60065 1ada1
0 0 0 0 61.2709 70.7773 -2.60065 1ad57
0 0 0 0 61.2709 70.7773 -2.60065 1acd1
0 0 0 0 61.2709 70.7773 -2.60065 1ada2
0 0 0 0 61.2709 70.7773 -2.60065 1adb1
0 0 0 0 61.2709 70.7773 -2.60065 1ad95
0 0 0 0 61.2709 70.7773 -2.60065 1ad57
0 0 0 0 61.2709 70.7773 -2.60065 1ac71
0 0 0 0 61.2709 70.7773 -2.60065 1acbd
0 0 0 0 61.2709 70.7773 -2.60065 1ad70
0 0 0 0 61.2709 70.7773 -2.60065 1ae7e
0 0 0 0 61.2709 70.7773 -2.60065 19866
0 0 0 0 61.2709 70.7773 -2.60065 1adec
0 0 0 0 61.2709 70.7773 -2.60065 1ad87
0 0 0 0 61.2709 70.7773 -2.60065 1badb
0 0 0 0 61.2709 70.7773 -2.60065 1ad81
9.98685e-08 1.24836e-07 3.99474e-06 4.99342e-06 61.2709 70.7773 -2.60065 1d3a9
7.98948e-07 9.98685e-07 2.79632e-05 3.4954e-05 61.2709 70.7772 -2.60065 1d395
2.69645e-06 3.37056e-06 7.59001e-05 9.48751e-05 61.2709 70.7771 -2.60064 1ade8
6.39158e-06 7.98948e-06 0.000147805 0.000184757 61.271 70.7767 -2.60063 1d41d
1.24836e-05 1.56045e-05 0.000243679 0.000304599 61.2712 70.7761 -2.60062 1ad84
2.15716e-05 2.69645e-05 0.000363521 0.000454402 61.2714 70.7752 -2.6006 1d088
3.42549e-05 4.28186e-05 0.000507332 0.000634165 61.2718 70.7739 -2.60057 1d4d3
5.11327e-05 6.39158e-05 0.000675111 0.000843889 61.2722 70.7722 -2.60053 1add4
7.28041e-05 9.10052e-05 0.000866859 0.00108357 61.2727 70.7701 -2.60048 1add1
9.98685e-05 0.000124836 0.00108257 0.00135322 61.2734 70.7674 -2.60042 1cb26
0.000132925 0.000166156 0.00132226 0.00165282 61.2743 70.764 -2.60035 1be09
0.000172573 0.000215716 0.00158591 0.00198239 61.2753 70.7601 -2.60026 1ad54
0.000219411 0.000274264 0.00187353 0.00234192 61.2765 70.7555 -2.60015 1d28f
0.000274039 0.000342549 0.00218512 0.0027314 61.278 70.75 -2.60003 1ad92
0.000337056 0.00042132 0.00252068 0.00315085 61.2796 70.7437 -2.59989 1d4ee
0.000409061 0.000511327 0.00288021 0.00360026 61.2815 70.7366 -2.59973 1d1ab
0.000490654 0.000613317 0.0032637 0.00407963 61.2836 70.7284 -2.59954 1adf0
0.000582433 0.000728041 0.00367117 0.00458896 61.286 70.7193 -2.59934 1d4df
0.000684998 0.000856247 0.00410259 0.00512824 61.2887 70.7091 -2.59911 1d3ae
0.000798948 0.000998685 0.004558 0.0056975 61.2917 70.6977 -2.59885 1d4a7
0.000924882 0.0011561 0.00503738 0.00629672 61.295 70.6852 -2.59857 1d4bb
0.0010634 0.00132925 0.0055407 0.00692587 61.2987 70.6714 -2.59826 1d4ac
0.0012151 0.00151887 0.006068 0.00758501 61.3027 70.6563 -2.59791 1d40c
0.00138058 0.00172573 0.00661929 0.00827411 61.3071 70.6399 -2.59754 1cf14
0.00156045 0.00195056 0.00719452 0.00899315 61.3119 70.622 -2.59714 1d4e0
0.00175529 0.00219411 0.00779374 0.00974218 61.3171 70.6027 -2.5967 1ad72
0.00196571 0.00245714 0.00841692 0.0105212 61.3227 70.5818 -2.59623 1d438
0.00219231 0.00274039 0.00906405 0.0113301 61.3288 70.5593 -2.59572 1acb8
0.00243569 0.00304462 0.0097352 0.012169 61.3354 70.5352 -2.59517 1d282
0.00269645 0.00337056 0.0104302 0.0130378 61.3425 70.5093 -2.59458 1d4ed
0.00297518 0.00371898 0.0111493 0.0139367 61.35 70.4818 -2.59395 1d352
0.00327249 0.00409061 0.0118923 0.0148654 61.3582 70.4523 -2.59329 1d2d2
0.00358897 0.00448622 0.0126593 0.0158241 61.3669 70.4211 -2.59257 1d4bd
0.00392523 0.00490654 0.0134503 0.0168129 61.3762 70.3878 -2.59182 1d373
0.00428186 0.00535233 0.0142652 0.0178315 61.3861 70.3526 -2.59101 1d50d
0.00465947 0.00582433 0.0151041 0.0188802 61.3967 70.3154 -2.59016 1d463
0.00505864 0.0063233 0.015967 0.0199587 61.4079 70.2761 -2.58927 1d4a4
0.00547998 0.00684998 0.0168538 0.0210672 61.4199 70.2346 -2.58832 1d388
0.0059241 0.00740512 0.0177646 0.0222058 61.4325 70.1909 -2.58732 1d3a0
0.00639158 0.00798948 0.0186994 0.0233742 61.446 70.1451 -2.58627 1ad4b
0.00688304 0.0086038 0.0196581 0.0245726 61.4602 70.0968 -2.58516 1adb9
0.00739906 0.00924882 0.0206409 0.0258011 61.4753 70.0463 -2.584 1d40b
0.00794025 0.00992531 0.0216475 0.0270593 61.4912 69.9934 -2.58278 1ad57
0.0085072 0.010634 0.0226781 0.0283476 61.5081 69.938 -2.58151 1d493
0.00910052 0.0113756 0.0237327 0.0296659 61.5258 69.8801 -2.58017 1d3bc
0.0097208 0.012151 0.0248113 0.0310141 61.5446 69.8198 -2.57878 1ad1b
0.0103686 0.0129608 0.0259139 0.0323924 61.5644 69.7568 -2.57732 1d4ad
0.0110447 0.0138058 0.0270404 0.0338005 61.5852 69.6912 -2.5758 1add1
0.0117494 0.0146868 0.0281908 0.0352386 61.6072 69.6229 -2.57421 1ac83
0.0124836 0.0156045 0.0293653 0.0367066 61.6303 69.552 -2.57256 1ad89
0.0132477 0.0165596 0.0305637 0.0382046 61.6546 69.4782 -2.57084 1d313
0.0140423 0.0175529 0.0317863 0.0397328 61.6801 69.4017 -2.56905 1d394
0.0148681 0.0185852 0.0330325 0.0412906 61.707 69.3224 -2.5672 1ad1d
0.0157257 0.0196571 0.0343029 0.0428786 61.7352 69.2402 -2.56527 1acb3
0.0166156 0.0207695 0.035597 0.0444963 61.7648 69.1552 -2.56326 1ae74
0.0175385 0.0219231 0.0369154 0.0461442 61.7959 69.0671 -2.56119 1ad62
0.0184949 0.0231187 0.0382578 0.0478221 61.8286 68.9761 -2.55903 1d508
0.0194855 0.0243569 0.0396238 0.0495298 61.8628 68.8822 -2.55681 1acfb
0.0205109 0.0256386 0.041014 0.0512674 61.8987 68.7852 -2.5545 1ad72
0.0215716 0.0269645 0.042428 0.0530351 61.9364 68.6852 -2.55211 1adbb
0.0226682 0.0283353 0.0438663 0.0548327 61.9758 68.5821 -2.54964 1adfe
0.0238015 0.0297518 0.0453284 0.0566607 62.0171 68.4759 -2.5471 1acaa
0.0249718 0.0312148 0.0468144 0.0585178 62.0603 68.3666 -2.54446 1ad5a
0.0261799 0.0327249 0.0483242 0.0604054 62.1057 68.2541 -2.54174 1ae14
0.0274264 0.034283 0.0498583 0.0623228 62.153 68.1386 -2.53894 1ad53
0.0287118 0.0358897 0.0514162 0.0642702 62.2027 68.0198 -2.53605 1d472
0.0300367 0.0375459 0.0529984 0.0662482 62.2546 67.8979 -2.53307 1ad6e
0.0314019 0.0392523 0.054604 0.0682551 62.3088 67.7728 -2.52999 1adc1
0.0328077 0.0410096 0.056234 0.0702924 62.3656 67.6445 -2.52683 1ad80
0.0342549 0.0428186 0.0578877 0.0723597 62.4249 67.5131 -2.52358 1d40a
0.035744 0.04468 0.0595655 0.0744566 62.4868 67.3784 -2.52022 1ad43
0.0372757 0.0465946 0.0612676 0.0765847 62.5516 67.2406 -2.51678 1ad76
0.0388505 0.0485632 0.062993 0.0787412 62.6192 67.0996 -2.51323 1d4fc
0.0404691 0.0505864 0.0647427 0.0809285 62.6899 66.9555 -2.50959 1adad
0.042132 0.052665 0.0665163 0.0831454 62.7636 66.8081 -2.50585 1d329
0.0438399 0.0547998 0.0683141 0.0853924 62.8406 66.6577 -2.50201 1ad47
0.0455933 0.0569916 0.0701357 0.0876698 62.9209 66.5041 -2.49806 1d586
0.0473928 0.059241 0.0719813 0.0899765 63.0047 66.3475 -2.49401 1adf7
0.0492391 0.0615488 0.0738508 0.0923133 63.092 66.1879 -2.48986 1d49b
0.0511327 0.0639158 0.0757441 0.0946803 63.1832 66.0251 -2.4856 1d273
0.0530739 0.0663425 0.0776508 0.0970671 63.2781 65.8595 -2.48123 297db
0.0550621 0.0688284 0.0795263 0.0994343 63.3771 65.6909 -2.47676 1adcd
0.0570961 0.0713726 0.0813597 0.101771 63.4802 65.5197 -2.47218 1d48f
0.0591749 0.0739746 0.0831516 0.104078 63.5875 65.3458 -2.4675 1ae1c
0.0612974 0.0766335 0.0849012 0.106355 63.699 65.1693 -2.46272 1d456
0.0634626 0.0793485 0.0866088 0.108602 63.815 64.9906 -2.45784 1ca58
0.0656695 0.082119 0.0882748 0.110819 63.9355 64.8095 -2.45286 1d490
0.067917 0.0849441 0.0898987 0.113006 64.0606 64.6264 -2.44779 1d30c
0.070204 0.0878232 0.0914806 0.115163 64.1905 64.4412 -2.44262 1d54c
0.0725295 0.0907555 0.0930205 0.117291 64.3252 64.2541 -2.43736 1aee0
0.0748925 0.0937402 0.0945187 0.119388 64.4648 64.0653 -2.43202 1ca62
0.0772918 0.0967766 0.0959745 0.121455 64.6095 63.875 -2.42658 1adf0
0.0797265 0.0998639 0.0973889 0.123492 64.7593 63.683 -2.42106 1abfe
0.0821956 0.103001 0.0987607 0.1255 64.9143 63.4898 -2.41545 1d412
0.0846978 0.106188 0.100091 0.127477 65.0746 63.2953 -2.40976 1d49f
0.0872323 0.109424 0.10138 0.129425 65.2402 63.0998 -2.40399 1adc9
0.089798 0.112707 0.102626 0.131342 65.4114 62.9033 -2.39814 1ad17
0.0923937 0.116038 0.10383 0.13323 65.5882 62.7059 -2.39222 1d48d
0.0950186 0.119415 0.104993 0.135087 65.7706 62.5079 -2.38621 1d4bd
0.0976714 0.122838 0.106113 0.136915 65.9587 62.3093 -2.38014 1d382
0.100351 0.126306 0.107192 0.138713 66.1526 62.1104 -2.37399 1ad60
0.103057 0.129818 0.108229 0.14048 66.3524 61.9111 -2.36777 1adda
0.105787 0.133373 0.109223 0.142218 66.5581 61.7117 -2.36149 1ae37
0.108542 0.136972 0.110176 0.143926 66.7698 61.5123 -2.35514 1c9b7
0.111319 0.140612 0.111087 0.145603 66.9876 61.313 -2.34872 1acdf
0.114118 0.144293 0.111956 0.147251 67.2115 61.1139 -2.34224 1d49f
0.116937 0.148015 0.112782 0.148869 67.4416 60.9152 -2.3357 1d383
0.119777 0.151776 0.113567 0.150456 67.6779 60.7171 -2.3291 1adbb
0.122634 0.155577 0.11431 0.152015 67.9205 60.5196 -2.32244 1add6
0.12551 0.159415 0.115011 0.153543 68.1694 60.3229 -2.31572 1d413
0.128402 0.163291 0.115671 0.155041 68.4246 60.1271 -2.30896 1ac38
0.131309 0.167204 0.116287 0.156509 68.6863 59.9323 -2.30214 1adca
0.13423 0.171152 0.116863 0.157946 68.9543 59.7387 -2.29527 1d4ab
0.137165 0.175136 0.117397 0.159355 69.2289 59.5464 -2.28835 1acf4
0.140112 0.179155 0.117887 0.160733 69.5099 59.3554 -2.28138 1d3d1
0.143071 0.183207 0.118338 0.162082 69.7974 59.166 -2.27437 1ad7f
0.146039 0.187292 0.118744 0.1634 70.0914 58.9783 -2.26732 1ad25
0.149017 0.191409 0.11911 0.164688 70.392 58.7923 -2.26022 1d2a6
0.152003 0.195558 0.119434 0.165946 70.699 58.6082 -2.25309 1d372
0.154996 0.199737 0.119715 0.167175 71.0126 58.4261 -2.24592 1adec
0.157995 0.203946 0.119955 0.168373 71.3328 58.2461 -2.23871 1d3fc
0.160999 0.208185 0.120153 0.169542 71.6594 58.0683 -2.23147 1adf3
0.164006 0.212452 0.120308 0.17068 71.9926 57.8928 -2.22419 1adea
0.167017 0.216747 0.120422 0.171788 72.3324 57.7196 -2.21688 1d45c
0.170029 0.221068 0.120494 0.172867 72.6785 57.5491 -2.20955 1d33b
0.173042 0.225416 0.120524 0.173916 73.0313 57.3811 -2.20219 1addd
0.176055 0.22979 0.120512 0.174935 73.3904 57.2158 -2.1948 1ad06
0.179067 0.234188 0.120459 0.175923 73.756 57.0533 -2.18739 1ad7f
0.182076 0.23861 0.120362 0.176882 74.128 56.8936 -2.17996 1c67e
0.185081 0.243055 0.120225 0.177811 74.5064 56.7369 -2.17251 1adf2
0.188082 0.247523 0.120045 0.17871 74.891 56.5832 -2.16504 1d19f
0.191078 0.252012 0.119823 0.179579 75.2821 56.4326 -2.15756 1acf6
0.194067 0.256523 0.11956 0.180417 75.6793 56.2852 -2.15006 1d3df
0.197048 0.261053 0.119254 0.181226 76.0827 56.1409 -2.14255 1adc2
0.200021 0.265603 0.118906 0.182005 76.4922 56 -2.13502 1ae33
0.202984 0.270172 0.118517 0.182754 76.908 55.8624 -2.12749 1ade0
0.205936 0.274759 0.118086 0.183475 77.3296 55.7281 -2.11995 1d4ac
0.208876 0.279363 0.117612 0.184162 77.7573 55.5973 -2.11241 1ae48
0.211804 0.283984 0.117097 0.184822 78.1909 55.47 -2.10486 1d4a0
0.214717 0.28862 0.11654 0.18545 78.6304 55.3461 -2.09731 1adf5
0.217616 0.293271 0.11594 0.18605 79.0756 55.2258 -2.08976 1ade4
0.220498 0.297937 0.115299 0.18662 79.5265 55.1091 -2.08221 1ad90
0.223364 0.302616 0.114616 0.187159 79.983 54.9959 -2.07467 1d421
0.226211 0.307307 0.113891 0.187668 80.4451 54.8863 -2.06713 1ae03
0.229039 0.312011 0.113124 0.188147 80.9127 54.7803 -2.0596 1d23a
0.231847 0.316726 0.112315 0.188596 81.3857 54.6779 -2.05208 1d0db
0.234634 0.321451 0.111465 0.189017 81.864 54.5791 -2.04456 1adec
0.237398 0.326186 0.110571 0.189406 82.3474 54.4838 -2.03706 1d36e
0.240139 0.330931 0.109636 0.189764 82.8361 54.3922 -2.02958 1ad2c
0.242855 0.335683 0.10866 0.190095 83.3298 54.3041 -2.02211 1d511
0.245546 0.340443 0.107641 0.190394 83.8284 54.2195 -2.01466 1adfe
0.248211 0.345209 0.106581 0.190665 84.3319 54.1384 -2.00723 1ae24
0.250848 0.349982 0.105478 0.190904 84.8402 54.0608 -1.99982 1cf0e
0.253456 0.35476 0.104334 0.191113 85.3531 53.9866 -1.99243 1d48b
0.256035 0.359542 0.103147 0.191293 85.8706 53.9157 -1.98507 1d46d
0.258583 0.364328 0.101918 0.191443 86.3925 53.8482 -1.97774 1d4fd
0.261099 0.369117 0.10065 0.191563 86.9189 53.7838 -1.97043 1d475
0.263582 0.373909 0.0993359 0.191653 87.4495 53.7227 -1.96316 1adae
0.266032 0.378701 0.0979817 0.191712 87.9843 53.6647 -1.95592 1d3d4
0.268447 0.383495 0.0965858 0.191742 88.5232 53.6096 -1.94871 1ab93
0.270825 0.388289 0.0951576 0.191748 89.066 53.5575 -1.94153 1abd2
0.273169 0.393083 0.0937331 0.191755 89.6128 53.5083 -1.9344 1e5c0
0.275477 0.397877 0.092324 0.191766 90.1634 53.4621 -1.9273 1ae11
0.27775 0.402671 0.0909293 0.191784 90.7179 53.4187 -1.92023 1d479
0.279989 0.407467 0.0895488 0.191809 91.276 53.3781 -1.91319 1ac60
0.282193 0.412263 0.0881815 0.191839 91.838 53.3404 -1.90619 1ad42
0.284364 0.417059 0.0868309 0.191875 92.4035 53.3056 -1.89923 1d38a
0.286501 0.421857 0.0854933 0.191916 92.9727 53.2735 -1.89229 1ad2d
0.288606 0.426656 0.0841689 0.191964 93.5454 53.2443 -1.88539 1d368
0.290677 0.431457 0.0828624 0.192018 94.1217 53.2179 -1.87851 1d478
0.292716 0.436259 0.0815666 0.192078 94.7015 53.1943 -1.87167 1d421
0.294724 0.441062 0.0802875 0.192144 95.2847 53.1734 -1.86486 1ad46
0.296699 0.445868 0.0790215 0.192217 95.8714 53.1553 -1.85808 1cdb4
0.298643 0.450675 0.0777698 0.192293 96.4614 53.14 -1.85133 1d46b
0.300557 0.455485 0.0765336 0.192378 97.0547 53.1274 -1.84461 1ad63
0.30244 0.460296 0.0753117 0.192468 97.6512 53.1176 -1.83791 1d79d
0.304292 0.46511 0.0741029 0.192564 98.2511 53.1105 -1.83125 1d40b
0.306115 0.469927 0.0729096 0.192665 98.8541 53.1061 -1.82461 1ac8a
0.307908 0.474746 0.0717306 0.192773 99.4603 53.1044 -1.81799 1adf8
0.309672 0.479568 0.0705659 0.192887 100.07 53.1055 -1.81141 1ab71
0.311408 0.484394 0.0694144 0.193008 100.682 53.1092 -1.80485 1d513
0.313115 0.489222 0.0682795 0.193132 101.298 53.1157 -1.79831 1ad37
0.314793 0.494054 0.0671566 0.193264 101.916 53.1248 -1.7918 1adf5
0.316445 0.498889 0.0660503 0.193403 102.538 53.1367 -1.78531 1adc7
0.318069 0.503727 0.0649559 0.193546 103.162 53.1513 -1.77885 1d469
0.319666 0.50857 0.0638795 0.193696 103.789 53.1685 -1.77241 1a49a
0.321236 0.513416 0.0628138 0.193851 104.42 53.1885 -1.766 1abd9
0.32278 0.518266 0.0617635 0.194013 105.053 53.2112 -1.7596 1ace7
0.324298 0.523121 0.0607288 0.194182 105.689 53.2366 -1.75323 1abee
0.325791 0.52798 0.0597084 0.194354 106.328 53.2646 -1.74688 1d53d
0.327259 0.532843 0.058701 0.194535 106.969 53.2954 -1.74055 1f989
0.328701 0.537711 0.0577092 0.194721 107.614 53.329 -1.73424 1d5a8
0.33012 0.542584 0.0567305 0.194912 108.261 53.3652 -1.72795 1ad4b
0.331514 0.547462 0.0557673 0.19511 108.91 53.4042 -1.72167 1d4d6
0.332884 0.552345 0.0548184 0.195315 109.563 53.4459 -1.71542 1c1bb
0.334231 0.557233 0.0538838 0.195522 110.218 53.4903 -1.70918 1d469
0.335555 0.562126 0.0529623 0.195739 110.875 53.5376 -1.70297 1ada1
0.336857 0.567025 0.0520575 0.195961 111.535 53.5876 -1.69677 1d46c
0.338136 0.57193 0.0511658 0.19619 112.198 53.6403 -1.69058 1ace4
0.339393 0.57684 0.0502872 0.196421 112.863 53.6959 -1.68442 1ad7f
0.340629 0.581757 0.0494254 0.196662 113.531 53.7543 -1.67826 1ccd9
0.341843 0.58668 0.0485778 0.19691 114.201 53.8155 -1.67213 1ae61
0.343037 0.591609 0.0477421 0.197158 114.874 53.8796 -1.666 1d533
0.34421 0.596544 0.0469232 0.197418 115.549 53.9465 -1.65989 1d2ef
0.345363 0.601486 0.0461173 0.19768 116.227 54.0163 -1.6538 1adcb
0.346496 0.606435 0.0453269 0.197952 116.906 54.089 -1.64772 1d5a1
0.34761 0.611391 0.0445509 0.198226 117.589 54.1646 -1.64165 1d454
0.348704 0.616353 0.043788 0.198507 118.273 54.2432 -1.63559 1d3e9
0.34978 0.621323 0.0430393 0.198796 118.96 54.3247 -1.62955 1f35f
0.350838 0.6263 0.0423074 0.199089 119.649 54.4093 -1.62351 1c0da
0.351878 0.631285 0.0415874 0.199387 120.34 54.4968 -1.61749 1c7f3
0.3529 0.636277 0.0408828 0.199695 121.034 54.5874 -1.61147 1cfe1
0.353905 0.641278 0.0401926 0.200007 121.73 54.6811 -1.60547 1d4f8
0.354893 0.646286 0.0395167 0.200322 122.428 54.7779 -1.59947 1d45a
0.355864 0.651302 0.0388551 0.200648 123.128 54.8778 -1.59348 1ac52
0.356819 0.656326 0.038209 0.200975 123.83 54.9809 -1.5875 1abca
0.357759 0.661359 0.037576 0.201313 124.534 55.0871 -1.58153 1ac19
0.358682 0.6664 0.0369561 0.201652 125.241 55.1966 -1.57557 1d2c6
0.359591 0.67145 0.0363529 0.202003 125.949 55.3094 -1.56961 1ae2a
0.360485 0.676509 0.035764 0.202353 126.66 55.4255 -1.56365 1ad79
0.361365 0.681577 0.0351882 0.202715 127.372 55.545 -1.55771 1d451
0.362231 0.686654 0.0346267 0.20308 128.087 55.6678 -1.55176 1ab99
0.363083 0.69174 0.0340807 0.203452 128.803 55.794 -1.54583 1ac0c
0.363921 0.696836 0.0335491 0.203826 129.522 55.9238 -1.53989 1adab
0.364747 0.701941 0.0330305 0.204213 130.242 56.057 -1.53396 1d363
0.36556 0.707056 0.0325274 0.204601 130.964 56.1938 -1.52803 1ade8
0.366361 0.712181 0.0320387 0.204999 131.688 56.3341 -1.52211 1d613
0.36715 0.717316 0.0315642 0.205398 132.414 56.4782 -1.51618 1ada9
0.367928 0.722461 0.0311041 0.205805 133.142 56.6259 -1.51026 1d47e
0.368695 0.727617 0.0306582 0.20622 133.871 56.7774 -1.50434 1aef5
0.36945 0.732783 0.0302267 0.20664 134.603 56.9327 -1.49842 1acd8
0.370195 0.73796 0.0298095 0.207064 135.336 57.0918 -1.49249 1d44f
0.370931 0.743147 0.0294065 0.207496 136.07 57.2548 -1.48657 1ace7
0.371656 0.748345 0.0290191 0.207934 136.807 57.4218 -1.48065 1d4ef
0.372372 0.753555 0.0286448 0.208375 137.545 57.5928 -1.47472 1adc5
0.373079 0.758775 0.0282848 0.208826 138.284 57.7678 -1.46879 1d872
0.373778 0.764007 0.0279403 0.209281 139.026 57.9471 -1.46286 1adb6
0.374468 0.769251 0.0276101 0.209744 139.769 58.1305 -1.45693 1ade1
0.37515 0.774506 0.027293 0.210211 140.513 58.3181 -1.45099 1d566
0.375825 0.779773 0.0269902 0.210683 141.259 58.5101 -1.44505 1d493
0.376493 0.785052 0.0267017 0.211158 142.006 58.7065 -1.4391 1ae60
0.377153 0.790343 0.0264156 0.211611 142.755 58.9072 -1.43315 1ad4f
0.377806 0.795644 0.0261343 0.212042 143.505 59.1123 -1.4272 1d4ec
0.378453 0.800955 0.0258517 0.212445 144.256 59.3219 -1.42124 1ad12
0.379092 0.806275 0.0255752 0.212824 145.008 59.5358 -1.41528 1d576
0.379725 0.811605 0.0252998 0.213177 145.761 59.7541 -1.40932 1ade4
0.38035 0.816942 0.0250256 0.213506 146.515 59.9768 -1.40336 1ad1a
0.380969 0.822288 0.024755 0.213809 147.269 60.2039 -1.39739 1d4ad
0.381581 0.82764 0.0244868 0.214086 148.024 60.4354 -1.39143 1ad7b
0.382187 0.832998 0.0242209 0.214341 148.779 60.6713 -1.38546 1adfc
0.382786 0.838363 0.0239563 0.214567 149.534 60.9114 -1.3795 1ad8c
0.383378 0.843732 0.0236964 0.21477 150.289 61.156 -1.37354 1ad8d
0.383964 0.849105 0.0234365 0.214949 151.045 61.4049 -1.36758 1ae02
0.384544 0.854483 0.0231802 0.215099 151.8 61.658 -1.36162 1d46a
0.385117 0.859864 0.0229263 0.215225 152.554 61.9154 -1.35567 1ae2d
0.385684 0.865247 0.0226748 0.21533 153.309 62.1771 -1.34972 1ade0
0.386244 0.870632 0.0224257 0.215404 154.063 62.443 -1.34377 1ad52
0.386799 0.876018 0.0221789 0.215459 154.816 62.7131 -1.33783 1acc2
0.387347 0.881405 0.0219333 0.215483 155.568 62.9874 -1.3319 1ad22
0.387889 0.886793 0.0216925 0.215483 156.32 63.2658 -1.32597 1ad98
0.388426 0.892179 0.0214517 0.215461 157.07 63.5483 -1.32004 1ad79
0.388956 0.897564 0.0212157 0.215411 157.82 63.8349 -1.31413 1ad68
0.389481 0.902948 0.0209796 0.215337 158.568 64.1255 -1.30822 1ae02
0.389999 0.908329 0.0207472 0.215237 159.315 64.4201 -1.30232 1ad8a
0.390512 0.913707 0.0205183 0.215113 160.06 64.7186 -1.29643 1ad98
0.391019 0.919081 0.0202894 0.214963 160.803 65.021 -1.29055 22a24
0.391521 0.92445 0.0200641 0.214789 161.545 65.3273 -1.28468 1abfa
0.392017 0.929815 0.0198424 0.214586 162.285 65.6373 -1.27882 1d4ad
0.392508 0.935174 0.0196207 0.214365 163.024 65.9511 -1.27297 1adaa
0.392993 0.940527 0.0194037 0.214112 163.759 66.2686 -1.26713 1ac70
0.393472 0.945873 0.0191867 0.213838 164.493 66.5897 -1.2613 1ae0f
0.393947 0.951211 0.0189745 0.213535 165.225 66.9144 -1.25549 1d461
0.394416 0.956541 0.0187624 0.213208 165.954 67.2426 -1.24969 1ad51
0.39488 0.961863 0.0185549 0.21286 166.681 67.5743 -1.24391 1ae47
0.395338 0.967175 0.0183487 0.212481 167.405 67.9093 -1.23814 1adb6
0.395792 0.972477 0.0181437 0.212083 168.126 68.2478 -1.23238 1c795
0.396241 0.977768 0.0179434 0.211654 168.844 68.5894 -1.22664 257a4
0.396684 0.983048 0.0177443 0.211203 169.56 68.9342 -1.22092 1add7
0.397123 0.988317 0.0175488 0.210724 170.272 69.2822 -1.21521 1abeb
0.397557 0.993572 0.0173533 0.210223 170.981 69.6332 -1.20952 1d473
0.397986 0.998815 0.0171614 0.209696 171.687 69.9872 -1.20385 19a96
0.39841 1.00404 0.016973 0.209143 172.39 70.344 -1.1982 1ade7
0.39883 1.00926 0.0167859 0.208569 173.089 70.7038 -1.19256 1adbb
0.399245 1.01446 0.0166011 0.207963 173.785 71.0662 -1.18695 1ad59
0.399655 1.01964 0.0164187 0.207334 174.477 71.4314 -1.18135 1acdf
0.400061 1.02481 0.0162399 0.20668 175.165 71.7991 -1.17578 1ac11
0.400463 1.02996 0.0160611 0.206008 175.85 72.1693 -1.17023 1ac53
0.40086 1.03509 0.015887 0.205297 176.53 72.5419 -1.1647 1ad59
0.401253 1.0402 0.0157142 0.204573 177.206 72.9168 -1.15919 1ae11
0.401641 1.0453 0.0155437 0.203815 177.879 73.294 -1.15371 1ac42
0.402026 1.05038 0.0153768 0.203042 178.547 73.6733 -1.14825 1ad2b
0.402406 1.05543 0.0152111 0.202236 179.211 74.0547 -1.14281 1ad4c
0.402782 1.06047 0.0150478 0.201402 179.87 74.4381 -1.1374 1adf6
0.403154 1.06548 0.0148869 0.200553 180.525 74.8233 -1.13201 1c37a
0.403523 1.07047 0.0147295 0.199671 181.175 75.2103 -1.12665 1adf7
0.403887 1.07544 0.0145733 0.198765 181.821 75.599 -1.12132 1ad8e
0.404247 1.08039 0.0144207 0.19784 182.462 75.9893 -1.11601 1acee
0.404604 1.08531 0.0142682 0.196881 183.099 76.3811 -1.11074 1c5b8
0.404957 1.09021 0.0141203 0.195899 183.73 76.7743 -1.10548 1ad88
0.405307 1.09508 0.0139749 0.194893 184.356 77.1687 -1.10026 1addd
0.405652 1.09993 0.0138295 0.193868 184.978 77.5643 -1.09507 1ad49
0.405995 1.10475 0.01369 0.192809 185.594 77.9611 -1.08991 1adc0
0.406333 1.10954 0.0135493 0.191727 186.205 78.3588 -1.08478 1ad51
0.406669 1.1143 0.0134134 0.19062 186.811 78.7573 -1.07968 1d62f
0.407001 1.11904 0.0132787 0.18949 187.412 79.1567 -1.07461 1ad77
0.407329 1.12375 0.0131476 0.188336 188.007 79.5568 -1.06957 1a6d2
0.407655 1.12843 0.0130177 0.187154 188.596 79.9573 -1.06457 1ad95
0.407977 1.13308 0.0128913 0.185943 189.18 80.3583 -1.05959 1cbf8
0.408296 1.1377 0.0127661 0.184717 189.759 80.7597 -1.05466 1d365
0.408612 1.14228 0.0126433 0.183454 190.332 81.1613 -1.04975 1ad8f
0.408925 1.14684 0.0125241 0.182176 190.899 81.563 -1.04489 1fa88
0.409236 1.15136 0.0124073 0.180864 191.46 81.9647 -1.04006 1aed0
0.409543 1.15585 0.0122917 0.179534 192.016 82.3664 -1.03526 1ade8
0.409847 1.1603 0.0121784 0.17818 192.565 82.7678 -1.0305 1ad4f
0.410149 1.16472 0.0120687 0.176792 193.109 83.1689 -1.02578 1acaa
0.410448 1.1691 0.0119603 0.175385 193.646 83.5695 -1.0211 1adf5
0.410744 1.17345 0.0118554 0.17395 194.178 83.9696 -1.01645 1adb4
0.411038 1.17777 0.0117528 0.172496 194.703 84.3691 -1.01184 1acea
0.41133 1.18204 0.0116515 0.171008 195.222 84.7677 -1.00728 1acd7
0.411618 1.18628 0.0115538 0.169501 195.735 85.1654 -1.00275 1ae0f
0.411905 1.19048 0.0114584 0.167975 196.242 85.5622 -0.998266 1ad5d
0.412189 1.19464 0.0113785 0.166459 196.742 85.9579 -0.99382 1ae6b
0.412472 1.19876 0.0113106 0.164971 197.236 86.3528 -0.989413 1adca
0.412753 1.20285 0.0112581 0.163503 197.725 86.7467 -0.985043 1ad67
0.413034 1.2069 0.01122 0.162053 198.207 87.1398 -0.980712 1ae51
0.413314 1.21092 0.0111961 0.160632 198.683 87.5322 -0.976416 1ad7e
0.413594 1.2149 0.0111854 0.159221 199.153 87.9237 -0.972156 1fa04
0.413873 1.21885 0.0111914 0.157843 199.617 88.3146 -0.96793 1adab
0.414154 1.22276 0.0112104 0.156479 200.076 88.7049 -0.963738 1ad9b
0.414435 1.22664 0.0112438 0.155139 200.529 89.0945 -0.959579 19da1
0.414717 1.23048 0.0112915 0.153823 200.976 89.4837 -0.95545 1acd4
0.415001 1.23429 0.0113535 0.152521 201.418 89.8725 -0.951353 1ad81
0.415287 1.23808 0.011431 0.151253 201.854 90.2609 -0.947286 1ae48
0.415575 1.24183 0.0115216 0.149994 202.284 90.6489 -0.943249 1d51c
0.415865 1.24554 0.0116277 0.148764 202.71 91.0368 -0.939239 1add7
0.416159 1.24923 0.0117469 0.147552 203.129 91.4244 -0.935256 1ad4e
0.416456 1.25289 0.0118816 0.146365 203.544 91.812 -0.9313 1ad4a
0.416757 1.25652 0.0120294 0.145197 203.953 92.1996 -0.927369 1adc1
0.417062 1.26012 0.0121927 0.144053 204.357 92.5873 -0.923463 1ad01
0.417371 1.2637 0.0123703 0.142927 204.756 92.9751 -0.919581 1ad2e
0.417685 1.26724 0.0125623 0.141826 205.15 93.3632 -0.915721 1ae1c
0.418004 1.27076 0.0127685 0.140743 205.539 93.7516 -0.911884 1ac5e
0.418329 1.27425 0.0129879 0.139685 205.922 94.1404 -0.908067 1ae45
0.418659 1.27772 0.0132239 0.138645 206.301 94.5297 -0.90427 1a85d
0.418996 1.28116 0.013473 0.13763 206.675 94.9196 -0.900492 1a50f
0.41934 1.28458 0.0137365 0.136638 207.044 95.3102 -0.896733 1ac79
0.41969 1.28797 0.0140142 0.135665 207.408 95.7016 -0.892991 1d50a
0.420048 1.29134 0.0143063 0.134706 207.767 96.0939 -0.889265 1ae4d
0.420413 1.29468 0.0146139 0.133781 208.121 96.4871 -0.885556 1ab99
0.420786 1.298 0.0149345 0.132875 208.471 96.8814 -0.881861 1add4
0.421168 1.3013 0.0152707 0.131984 208.816 97.2769 -0.878179 1c7a8
0.421559 1.30458 0.01562 0.131121 209.156 97.6736 -0.874511 1fb7b
0.421958 1.30784 0.0159848 0.130277 209.492 98.0718 -0.870855 1ad71
0.422367 1.31107 0.0163639 0.129457 209.823 98.4715 -0.867209 1c7ca
0.422786 1.31429 0.0167561 0.128655 210.15 98.8727 -0.863573 1ad5a
0.423215 1.31749 0.0171638 0.127873 210.472 99.2757 -0.859948 1acae
0.423655 1.32066 0.0175858 0.12712 210.789 99.6805 -0.85633 1b15b
0.424106 1.32382 0.0180221 0.126381 211.102 100.087 -0.85272 1acf5
0.424567 1.32696 0.0184727 0.125666 211.411 100.496 -0.849117 1accb
0.425041 1.33009 0.0189376 0.124974 211.715 100.907 -0.845518 1aca3
0.425526 1.3332 0.0194168 0.124307 212.015 101.32 -0.841925 1ae15
0.426024 1.33629 0.0199103 0.123653 212.31 101.736 -0.838336 1a812
0.426534 1.33936 0.0204194 0.123024 212.601 102.154 -0.83475 1ada0
0.427058 1.34242 0.0209403 0.122423 212.888 102.574 -0.831166 1ae43
0.427595 1.34547 0.0214791 0.121832 213.17 102.998 -0.827584 1adc9
0.428146 1.3485 0.0220287 0.121274 213.448 103.424 -0.824001 1ac97
0.428711 1.35152 0.0225949 0.12073 213.722 103.853 -0.820418 1ac9b
0.42929 1.35453 0.0231755 0.120211 213.991 104.286 -0.816833 1adea
0.429884 1.35752 0.0237691 0.11971 214.256 104.721 -0.813246 1acb4
0.430494 1.3605 0.0243783 0.119233 214.517 105.16 -0.809655 1d6eb
0.431119 1.36347 0.0250018 0.11878 214.774 105.603 -0.806062 1a459
0.43176 1.36643 0.0256395 0.118346 215.026 106.049 -0.802462 1a77f
0.432417 1.36938 0.0262904 0.117931 215.274 106.498 -0.798856 1ac88
0.433091 1.37231 0.026958 0.117545 215.518 106.952 -0.795244 1b13c
0.433782 1.37524 0.0276375 0.117173 215.758 107.41 -0.791623 1d3e7
0.43449 1.37816 0.0283337 0.116825 215.993 107.872 -0.787994 1ad7f
0.435216 1.38108 0.029043 0.116501 216.224 108.338 -0.784355 1adb8
0.43596 1.38398 0.0297654 0.116196 216.451 108.808 -0.780707 1d1ef
0.436723 1.38688 0.0305057 0.11591 216.674 109.283 -0.777047 1d534
0.437504 1.38977 0.0312567 0.115652 216.892 109.763 -0.773373 1ca16
0.438305 1.39266 0.0320244 0.115414 217.106 110.247 -0.769687 1adba
0.439125 1.39554 0.0328052 0.115194 217.316 110.737 -0.765988 1adc9
0.439965 1.39841 0.0336015 0.114994 217.522 111.231 -0.762273 1adb5
0.440825 1.40128 0.034411 0.114822 217.723 111.731 -0.758542 1ad9e
0.441706 1.40415 0.0352359 0.11467 217.92 112.236 -0.754794 1ac3d
0.442608 1.40701 0.0360751 0.114536 218.113 112.746 -0.751029 1b82c
0.443531 1.40987 0.0369287 0.114427 218.301 113.263 -0.747245 1ad32
0.444476 1.41273 0.0377953 0.114336 218.485 113.784 -0.743442 1acd0
0.445443 1.41559 0.0386786 0.114274 218.665 114.312 -0.739618 1accb
0.446433 1.41844 0.0395739 0.114222 218.84 114.846 -0.735773 1ad16
0.447445 1.4213 0.0404847 0.114202 219.011 115.386 -0.731906 1ade5
0.44848 1.42415 0.0414109 0.114198 219.177 115.933 -0.728016 1adc4
0.449539 1.42701 0.0423491 0.114222 219.339 116.486 -0.724101 1d2ea
0.450621 1.42986 0.043304 0.114255 219.496 117.045 -0.720163 1ac00
0.451728 1.43272 0.0442719 0.114322 219.649 117.612 -0.716197 1adaf
0.452859 1.43558 0.0452542 0.114408 219.797 118.185 -0.712206 1adc6
0.454016 1.43845 0.046252 0.114508 219.94 118.765 -0.708187 1d674
0.455197 1.44131 0.0472629 0.114636 220.079 119.353 -0.70414 1add3
0.456405 1.44418 0.0482893 0.114789 220.213 119.948 -0.700063 1ac32
0.457638 1.44706 0.04933 0.114956 220.342 120.55 -0.695956 1d217
0.458897 1.44993 0.0503826 0.115142 220.466 121.16 -0.691818 1ac62
0.460184 1.45282 0.051446 0.115337 220.586 121.778 -0.687648 1d394
0.461497 1.45571 0.0525177 0.115528 220.7 122.404 -0.683447 1ad95
0.462836 1.4586 0.0535965 0.115719 220.81 123.037 -0.679214 1ae02
0.464204 1.4615 0.0546861 0.115914 220.914 123.678 -0.674949 1ba9e
0.465598 1.4644 0.0557816 0.1161 221.013 124.327 -0.670652 1adf1
0.46702 1.46731 0.0568867 0.116296 221.106 124.985 -0.666322 1a677
0.46847 1.47022 0.0580001 0.116487 221.194 125.65 -0.66196 1ad0b
0.469948 1.47314 0.0591218 0.116677 221.276 126.323 -0.657565 1d4e8
0.471455 1.47606 0.060252 0.116873 221.353 127.004 -0.653137 1ad61
0.472989 1.47898 0.0613904 0.117059 221.424 127.694 -0.648675 1af2a
0.474553 1.48191 0.0625372 0.117254 221.489 128.392 -0.644181 1c0b7
0.476145 1.48485 0.0636923 0.117445 221.548 129.098 -0.639652 1ad1b
0.477767 1.48779 0.064857 0.11764 221.601 129.812 -0.63509 1ad9f
0.479417 1.49074 0.0660276 0.117826 221.648 130.535 -0.630493 1cc08
0.481097 1.49369 0.067209 0.118022 221.689 131.266 -0.625862 1ad96
0.482807 1.49664 0.0683975 0.118213 221.723 132.005 -0.621198 1ae2a
0.484547 1.4996 0.0695944 0.118403 221.75 132.753 -0.616498 1b9be
0.486317 1.50257 0.0708008 0.118594 221.771 133.51 -0.611763 1ad25
0.488118 1.50554 0.0720143 0.11879 221.786 134.275 -0.606993 1ae99
0.489949 1.50851 0.0732374 0.11898 221.793 135.049 -0.602187 1adaa
0.49181 1.51149 0.0744677 0.119171 221.794 135.831 -0.597346 1d488
0.493703 1.51448 0.0757062 0.119362 221.787 136.622 -0.59247 1adb9
0.495627 1.51746 0.0769544 0.119553 221.773 137.422 -0.587557 1d49f
0.497582 1.52046 0.0782096 0.119748 221.752 138.231 -0.582608 1a8c2
0.499569 1.52346 0.0794756 0.119939 221.724 139.048 -0.577623 1ace0
0.501588 1.52646 0.0807464 0.12013 221.688 139.874 -0.572601 1ad72
0.503638 1.52947 0.0820279 0.12032 221.644 140.709 -0.567542 1ac60
0.505721 1.53248 0.0833178 0.120511 221.592 141.553 -0.562446 1adb7
0.507837 1.5355 0.0846171 0.120707 221.533 142.406 -0.557313 1adc7
0.509985 1.53852 0.0859213 0.120897 221.465 143.268 -0.552142 1adee
0.512166 1.54155 0.0872374 0.121088 221.389 144.138 -0.546934 1ad4a
0.51438 1.54458 0.0885606 0.121279 221.305 145.018 -0.541689 1ad5b
0.516627 1.54762 0.089891 0.121474 221.212 145.907 -0.536404 1ae2b
0.518908 1.55066 0.0912309 0.121665 221.111 146.805 -0.531082 1add6
0.521222 1.55371 0.0925803 0.121856 221.001 147.712 -0.525721 1d3cc
0.523571 1.55676 0.0939345 0.122046 220.882 148.628 -0.520322 1d338
0.525953 1.55981 0.0953007 0.122237 220.754 149.553 -0.514883 1adca
0.52837 1.56287 0.096674 0.122433 220.616 150.487 -0.509405 1ad9b
0.530821 1.56594 0.0980568 0.122623 220.47 151.43 -0.503888 1ad09
0.533307 1.56901 0.0994468 0.122814 220.314 152.383 -0.498332 1ae76
0.535829 1.57208 0.100844 0.123005 220.148 153.344 -0.492736 1d514
0.538385 1.57516 0.102253 0.1232 219.973 154.315 -0.487099 1acf1
0.540977 1.57825 0.103667 0.123386 219.787 155.295 -0.481423 1ad95
0.543604 1.58134 0.10509 0.123582 219.592 156.284 -0.475706 1adee
0.546267 1.58443 0.106523 0.123773 219.386 157.283 -0.469949 1d07c
0.548966 1.58753 0.107965 0.123968 219.169 158.29 -0.464151 1d554
0.551701 1.59064 0.10941 0.124154 218.943 159.307 -0.458311 1ad21
0.554473 1.59374 0.110869 0.12435 218.705 160.333 -0.452431 1a536
0.557281 1.59686 0.112336 0.12454 218.457 161.368 -0.446509 1adb6
0.560127 1.59998 0.113809 0.124731 218.197 162.413 -0.440545 1ad4b
0.563009 1.6031 0.115292 0.124922 217.926 163.466 -0.43454 1ae48
0.565929 1.60623 0.116785 0.125117 217.644 164.529 -0.428493 1adf8
0.568886 1.60936 0.118282 0.125303 217.35 165.601 -0.422403 1adce
0.57188 1.6125 0.119789 0.125499 217.044 166.682 -0.416271 1d39f
0.574913 1.61564 0.121305 0.125694 216.727 167.772 -0.410096 1ad1e
0.577984 1.61879 0.122831 0.12588 216.397 168.871 -0.403878 19a86
0.581093 1.62194 0.124364 0.126076 216.055 169.979 -0.397617 1aba4
0.58424 1.6251 0.125902 0.126266 215.701 171.096 -0.391313 1aeab
0.587427 1.62826 0.127454 0.126457 215.333 172.223 -0.384965 1d4fa
0.590652 1.63142 0.129011 0.126648 214.953 173.358 -0.378574 1adae
0.593916 1.63459 0.130579 0.126839 214.56 174.502 -0.372138 1add7
0.59722 1.63777 0.132153 0.127034 214.154 175.656 -0.365658 1b096
0.600564 1.64095 0.133734 0.127225 213.734 176.818 -0.359134 1ac94
0.603947 1.64414 0.135329 0.127416 213.3 177.989 -0.352566 1adce
0.60737 1.64733 0.136926 0.127606 212.853 179.168 -0.345953 1aa22
0.610833 1.65052 0.138535 0.127802 212.392 180.357 -0.339294 1d155
0.614337 1.65372 0.140152 0.127993 211.916 181.554 -0.33259 1adc7
0.617882 1.65693 0.141778 0.128183 211.426 182.76 -0.325841 1add1
0.621467 1.66013 0.143409 0.128374 210.922 183.974 -0.319047 1ad83
0.625093 1.66335 0.145054 0.128565 210.402 185.197 -0.312207 1ad93
0.628761 1.66657 0.146701 0.12876 209.868 186.429 -0.30532 1cb59
0.63247 1.66979 0.148363 0.128951 209.318 187.669 -0.298387 1abeb
0.636221 1.67302 0.150027 0.129142 208.753 188.917 -0.291408 1afe2
0.640013 1.67625 0.151703 0.129333 208.172 190.173 -0.284382 1ae0d
0.643848 1.67949 0.153387 0.129523 207.575 191.438 -0.27731 1ce52
0.647725 1.68273 0.155082 0.129719 206.962 192.71 -0.270189 1aee7
0.651644 1.68598 0.156779 0.12991 206.333 193.991 -0.263022 1acd7
0.655607 1.68923 0.158489 0.1301 205.687 195.279 -0.255807 1adc6
0.659612 1.69249 0.160208 0.130291 205.024 196.576 -0.248545 1addf
0.66366 1.69575 0.161927 0.130486 204.345 197.88 -0.241234 1acd0
0.667751 1.69902 0.163631 0.130672 203.648 199.191 -0.233877 1ac94
0.671884 1.70229 0.165315 0.130858 202.934 200.51 -0.226472 1ad2b
0.676058 1.70557 0.166974 0.13104 202.203 201.836 -0.219022 1add1
0.680273 1.70885 0.168614 0.131226 201.455 203.168 -0.211526 1d434
0.684529 1.71213 0.170233 0.131402 200.689 204.507 -0.203986 1addf
0.688825 1.71542 0.171828 0.131574 199.906 205.851 -0.1964 1adb1
0.69316 1.71872 0.173404 0.13175 199.105 207.202 -0.188772 1acbe
0.697534 1.72202 0.174956 0.131917 198.287 208.558 -0.181099 1acef
0.701946 1.72532 0.176487 0.132089 197.451 209.919 -0.173385 1ae0e
0.706396 1.72862 0.177999 0.132246 196.598 211.286 -0.165629 1ad8d
0.710883 1.73193 0.179486 0.132413 195.727 212.657 -0.157831 1aef3
0.715407 1.73525 0.180955 0.13257 194.838 214.032 -0.149994 1adc9
0.719967 1.73857 0.182397 0.132723 193.931 215.412 -0.142115 1adc8
0.724562 1.74189 0.183823 0.13288 193.007 216.795 -0.134198 19a2b
0.729193 1.74521 0.185225 0.133028 192.065 218.182 -0.126242 1addc
0.733858 1.74854 0.186605 0.133176 191.105 219.572 -0.118247 1adef
0.738557 1.75188 0.187964 0.133324 190.127 220.966 -0.110215 1ad72
0.74329 1.75521 0.189302 0.133462 189.131 222.362 -0.102145 1ad5b
0.748055 1.75855 0.190616 0.133605 188.117 223.76 -0.0940402 1ac06
0.752853 1.7619 0.191913 0.133739 187.085 225.16 -0.0858987 1c3c2
0.757683 1.76524 0.193186 0.133877 186.035 226.562 -0.0777224 1ad7e
0.762544 1.76859 0.194435 0.134001 184.968 227.966 -0.0695112 1ade7
0.767435 1.77195 0.195665 0.134134 183.882 229.371 -0.0612662 1d0b5
0.772357 1.7753 0.196874 0.134258 182.779 230.777 -0.0529884 1adaa
0.777309 1.77866 0.198059 0.134382 181.657 232.183 -0.0446771 1aef7
0.782289 1.78203 0.199225 0.134501 180.518 233.59 -0.0363334 1ad4f
0.787298 1.78539 0.200367 0.134621 179.36 234.996 -0.0279592 1d4b4
0.792336 1.78876 0.20149 0.13473 178.185 236.403 -0.019554 1ac0f
0.7974 1.79213 0.202591 0.134845 176.992 237.809 -0.0111178 1add6
0.802492 1.7955 0.203667 0.134954 175.781 239.214 -0.00265247 1addf
0.80761 1.79888 0.204728 0.135064 174.552 240.617 0.00584286 1ad50
0.812754 1.80226 0.20576 0.135164 173.306 242.02 0.0143654 1ac52
0.817924 1.80564 0.206776 0.135264 172.041 243.42 0.0229165 1ae16
0.823118 1.80903 0.207765 0.13536 170.76 244.819 0.0314948 1ad72
0.828336 1.81241 0.208738 0.13546 169.46 246.215 0.0400998 1ad85
0.833578 1.8158 0.209687 0.13555 168.143 247.608 0.0487305 1adc4
0.838844 1.81919 0.210617 0.135641 166.809 248.999 0.0573871 1bee0
0.844132 1.82258 0.21152 0.135727 165.457 250.386 0.0660684 1acc4
0.849442 1.82598 0.212405 0.135813 164.088 251.77 0.074774 1add7
0.854774 1.82938 0.213268 0.135894 162.701 253.15 0.0835025 1adad
0.860126 1.83278 0.214109 0.13597 161.298 254.526 0.0922548 1d408
0.8655 1.83618 0.21493 0.136051 159.877 255.897 0.101029 1accb
0.870893 1.83958 0.215726 0.136118 158.44 257.264 0.109825 1bccd
0.876305 1.84299 0.216503 0.136194 156.985 258.626 0.118643 1d4e7
0.881737 1.84639 0.217259 0.136256 155.514 259.983 0.127481 1ad8e
0.887187 1.8498 0.217993 0.136328 154.026 261.334 0.136338 1add6
0.892654 1.85321 0.218704 0.136385 152.522 262.679 0.145216 1ace6
0.898139 1.85662 0.219393 0.136447 151.001 264.018 0.154112 1ad2e
0.903641 1.86003 0.220063 0.136504 149.464 265.351 0.163027 1acd4
0.909158 1.86345 0.220711 0.136552 147.91 266.677 0.171958 18760
0.914692 1.86686 0.221336 0.136609 146.341 267.996 0.180906 1e54a
0.92024 1.87028 0.221939 0.136657 144.756 269.308 0.189871 1accd
0.925803 1.8737 0.222523 0.136704 143.155 270.613 0.198852 1ad17
0.93138 1.87712 0.223081 0.136743 141.538 271.91 0.207847 1abef
0.936971 1.88054 0.223622 0.136786 139.906 273.199 0.216858 1ad92
0.942575 1.88396 0.224142 0.136824 138.259 274.479 0.225882 1acdc
0.94819 1.88738 0.224636 0.136857 136.597 275.751 0.234919 1adae
0.953818 1.8908 0.22511 0.136886 134.919 277.015 0.243969 1adb0
0.959457 1.89422 0.225563 0.136919 133.227 278.27 0.253031 1b375
0.965107 1.89765 0.225995 0.136943 131.52 279.515 0.262105 1d339
0.970767 1.90107 0.226407 0.136971 129.799 280.75 0.271188 1ad4e
0.976437 1.90449 0.226793 0.136986 128.064 281.977 0.280283 1a84a
0.982116 1.90792 0.227158 0.13701 126.314 283.193 0.289387 1d2aa
0.987804 1.91135 0.227506 0.137019 124.551 284.399 0.298501 1ad95
0.993499 1.91477 0.227828 0.137038 122.774 285.594 0.307622 1ade1
0.999203 1.9182 0.228131 0.137043 120.984 286.779 0.316752 1ad68
1.00491 1.92162 0.228412 0.137053 119.181 287.953 0.325888 1b26d
1.01063 1.92505 0.228667 0.137057 117.364 289.116 0.335031 1d4e2
1.01635 1.92848 0.22891 0.137057 115.535 290.268 0.344181 1ad2c
1.02208 1.9319 0.22912 0.137053 113.693 291.409 0.353335 1ad08
1.02781 1.93533 0.229321 0.137057 111.839 292.537 0.362495 1ad75
1.03355 1.93876 0.229487 0.137043 109.972 293.654 0.371658 1ade0
1.03929 1.94218 0.22964 0.137038 108.094 294.759 0.380825 1ac8b
1.04504 1.94561 0.229769 0.137024 106.204 295.851 0.389995 1b004
1.05078 1.94903 0.229878 0.13701 104.303 296.931 0.399166 1ad65
1.05653 1.95246 0.229964 0.136991 102.391 297.998 0.408341 1d308
1.06228 1.95588 0.230031 0.136971 100.468 299.053 0.417515 1ad21
1.06803 1.95931 0.230074 0.136948 98.534 300.094 0.426691 1addf
1.07379 1.96273 0.230093 0.136919 96.5898 301.123 0.435866 1d3eb
1.07954 1.96615 0.230088 0.13689 94.6355 302.138 0.445041 1ad11
1.08529 1.96957 0.230055 0.136843 92.6716 303.139 0.454213 1ad49
1.09104 1.97299 0.229983 0.136766 90.6983 304.127 0.463382 1aca1
1.09679 1.97641 0.229878 0.136681 88.7161 305.101 0.472546 1af88
1.10253 1.97982 0.229731 0.136566 86.7256 306.06 0.481703 1aca7
1.10827 1.98323 0.229554 0.136433 84.7269 307.005 0.490853 1acd6
1.114 1.98664 0.229335 0.13628 82.7208 307.935 0.499993 1ad78
1.11973 1.99004 0.229082 0.136104 80.7074 308.851 0.509123 1ad54
1.12545 1.99344 0.228801 0.135908 78.6874 309.751 0.518241 1c7c2
1.13116 1.99683 0.228472 0.135694 76.6612 310.637 0.527345 1adce
1.13686 2.00022 0.228114 0.135455 74.6291 311.506 0.536434 1d42a
1.14256 2.0036 0.227718 0.135202 72.5918 312.361 0.545507 1ab73
1.14824 2.00697 0.227284 0.134916 70.5497 313.199 0.554562 1af25
1.15391 2.01034 0.226822 0.134621 68.5031 314.022 0.563598 1adc9
1.15957 2.01369 0.226316 0.134296 66.4527 314.829 0.572614 1af7a
1.16521 2.01704 0.225778 0.133953 64.399 315.62 0.581607 1adfd
1.17084 2.02038 0.225201 0.133591 62.3423 316.395 0.590577 1ade3
1.17646 2.02371 0.22459 0.133209 60.2832 317.154 0.599522 1d4d5
1.18206 2.02703 0.223942 0.132809 58.2223 317.896 0.608441 1ad6e
1.18764 2.03034 0.22326 0.13238 56.1599 318.622 0.617332 1c05e
1.1932 2.03364 0.22254 0.131941 54.0966 319.331 0.626194 1d456
1.19875 2.03693 0.221786 0.131464 52.0329 320.024 0.635025 1ae13
1.20427 2.0402 0.220995 0.130987 49.9694 320.701 0.643824 1ac71
1.20977 2.04346 0.22017 0.130472 47.9065 321.361 0.65259 1ac88
1.21526 2.04671 0.219307 0.129948 45.8448 322.004 0.661321 1ab94
1.22072 2.04995 0.218406 0.129385 43.7848 322.631 0.670016 1ac86
1.22615 2.05317 0.217471 0.128832 41.7269 323.242 0.678674 1ae2b
1.23157 2.05637 0.216498 0.128222 39.6718 323.836 0.687292 1ad40
1.23695 2.05956 0.215497 0.127621 37.6199 324.413 0.69587 1a34a
1.24232 2.06274 0.214453 0.126991 35.5718 324.974 0.704406 1d48a
1.24765 2.0659 0.21337 0.126324 33.5281 325.518 0.712898 1b694
1.25296 2.06904 0.212259 0.125656 31.4891 326.047 0.721347 1ade2
1.25823 2.07216 0.21111 0.12496 29.4556 326.559 0.729748 1a9fd
1.26348 2.07527 0.209918 0.124245 27.428 327.054 0.738102 1b419
1.2687 2.07836 0.208702 0.123501 25.4067 327.534 0.746408 1acd8
1.27389 2.08143 0.207438 0.122747 23.3925 327.998 0.754662 1aeb0
1.27904 2.08447 0.206146 0.121965 21.3858 328.446 0.762865 1adda
1.28416 2.0875 0.204816 0.121174 19.3871 328.878 0.771014 1aeaa
1.28925 2.09051 0.203452 0.120344 17.3969 329.294 0.77911 1d420
1.2943 2.0935 0.20205 0.119505 15.4159 329.695 0.787149 1ae02
1.29931 2.09647 0.200605 0.118637 13.4446 330.081 0.795129 1ad57
1.30429 2.09941 0.199137 0.11776 11.4834 330.451 0.803052 20c08
1.30923 2.10233 0.19763 0.116854 9.5329 330.807 0.810914 1ad3b
1.31413 2.10523 0.196075 0.115919 7.59368 331.147 0.818714 1fb14
1.319 2.1081 0.194502 0.114985 5.66615 331.473 0.826451 18cb7
1.32382 2.11095 0.192876 0.114012 3.75098 331.785 0.834123 1ad45
1.3286 2.11378 0.191231 0.113029 1.84854 332.082 0.84173 1acdc
1.33334 2.11658 0.189533 0.112009 -0.0404189 332.366 0.849268 1ae23
1.33803 2.11935 0.187812 0.110989 -1.91566 332.635 0.856738 1ac36
1.34268 2.1221 0.186048 0.10994 -3.77642 332.891 0.864138 1d4f5
1.34729 2.12483 0.184255 0.108862 -5.62226 333.134 0.871465 1ad96
1.35185 2.12752 0.182414 0.107775 -7.45278 333.364 0.87872 1ae2b
1.35636 2.13019 0.18055 0.106659 -9.26733 333.58 0.885901 1d1c0
1.36083 2.13282 0.178642 0.105524 -11.0654 333.785 0.893005 1c1bc
1.36525 2.13543 0.176702 0.10437 -12.8466 333.977 0.900032 1aded
1.36961 2.13801 0.174723 0.103197 -14.6103 334.156 0.90698 1abd6
1.37393 2.14056 0.172715 0.101995 -16.356 334.325 0.913848 1adde
1.3782 2.14308 0.17066 0.100784 -18.0833 334.481 0.920634 1c7a4
1.38241 2.14557 0.168576 0.0995445 -19.7916 334.627 0.927336 1ac11
1.38658 2.14803 0.166454 0.0982857 -21.4805 334.761 0.933955 1d458
1.39068 2.15045 0.164294 0.0969982 -23.1493 334.885 0.940488 1adce
1.39474 2.15285 0.162106 0.0957108 -24.7977 334.999 0.946932 1d354
1.39873 2.15521 0.159879 0.0943756 -26.4253 335.103 0.953289 1a0aa
1.40267 2.15753 0.157609 0.0930405 -28.0314 335.197 0.959555 1fa53
1.40656 2.15982 0.155311 0.0916767 -29.6157 335.282 0.96573 1d42e
1.41038 2.16208 0.152969 0.0902939 -31.1776 335.358 0.971812 1adb3
1.41414 2.1643 0.150604 0.0888824 -32.7166 335.425 0.977799 1d289
1.41785 2.16649 0.148187 0.0874615 -34.2323 335.484 0.98369 1ad9b
1.42149 2.16864 0.145745 0.0860119 -35.7241 335.534 0.989484 1add5
1.42507 2.17075 0.143266 0.0845528 -37.192 335.577 0.99518 1ad98
1.42859 2.17283 0.140748 0.0830555 -38.635 335.613 1.00077 1abec
1.43205 2.17487 0.138197 0.0815487 -40.0528 335.642 1.00627 1adcd
1.43544 2.17687 0.135608 0.0800228 -41.4451 335.664 1.01166 1addc
1.43876 2.17883 0.132985 0.0784683 -42.8113 335.679 1.01695 19a6a
1.44202 2.18075 0.13032 0.0768948 -44.151 335.689 1.02213 1a867
1.44521 2.18264 0.127625 0.0753021 -45.4638 335.693 1.0272 1e14f
1.44833 2.18448 0.124898 0.0736904 -46.7492 335.691 1.03216 1add3
1.45139 2.18628 0.122123 0.0720501 -48.0067 335.685 1.03702 1d3ce
1.45437 2.18804 0.119319 0.0704002 -49.236 335.674 1.04176 1ac4f
1.45728 2.18976 0.116482 0.0687218 -50.4367 335.659 1.04639 1ac96
1.46012 2.19143 0.113616 0.0670338 -51.6082 335.639 1.05091 1ac6e
1.46289 2.19307 0.110779 0.0653648 -52.7511 335.616 1.05531 1ad9c
1.46559 2.19466 0.10797 0.0636959 -53.8652 335.59 1.0596 1adb1
1.46822 2.19621 0.105205 0.0620747 -54.9515 335.56 1.06378 1adc3
1.47078 2.19772 0.102472 0.0604534 -56.0098 335.528 1.06786 21f95
1.47328 2.19919 0.0997734 0.0588703 -57.0407 335.493 1.07182 1ad33
1.47571 2.20063 0.0971127 0.0572968 -58.0443 335.456 1.07568 1ad6b
1.47807 2.20202 0.0944901 0.0557518 -59.0211 335.417 1.07944 1ab05
1.48036 2.20338 0.0919008 0.0542164 -59.9713 335.376 1.08309 1ac82
1.4826 2.20469 0.0893497 0.0527191 -60.8956 335.334 1.08664 1ff56
1.48477 2.20598 0.086832 0.0512314 -61.7938 335.29 1.0901 1ad4f
1.48688 2.20722 0.0843477 0.0497627 -62.6668 335.245 1.09345 1adbe
1.48893 2.20843 0.0819063 0.0483322 -63.5146 335.199 1.09671 1d376
1.49091 2.2096 0.0794983 0.0469017 -64.3376 335.152 1.09986 1d375
1.49284 2.21074 0.0771236 0.0454998 -65.1361 335.104 1.10293 1abe0
1.49471 2.21184 0.0747871 0.0441265 -65.9106 335.056 1.1059 1ad28
1.49652 2.21291 0.0724888 0.0427628 -66.6615 335.008 1.10878 1acf5
1.49828 2.21395 0.070219 0.0414371 -67.3889 334.959 1.11158 1ad5b
1.49998 2.21495 0.0679922 0.0401115 -68.0934 334.911 1.11428 1a890
1.50162 2.21592 0.0658035 0.0388241 -68.7752 334.862 1.11689 1ad53
1.50321 2.21686 0.0636387 0.0375462 -69.4348 334.814 1.11942 1ad94
1.50475 2.21777 0.0615215 0.0362968 -70.0725 334.766 1.12187 1cbbf
1.50624 2.21864 0.0594378 0.0350666 -70.6885 334.719 1.12423 1faee
1.50767 2.21949 0.0573874 0.033865 -71.2836 334.672 1.12651 1d446
1.50906 2.2203 0.0553703 0.0326633 -71.8576 334.625 1.12871 1aebe
1.51039 2.22109 0.0533962 0.0315094 -72.4113 334.579 1.13084 1ae60
1.51168 2.22185 0.0514555 0.0303555 -72.9449 334.534 1.13288 1ad70
1.51292 2.22258 0.0495481 0.0292301 -73.4587 334.49 1.13485 1acfa
1.51411 2.22329 0.0476789 0.0281334 -73.9533 334.447 1.13675 1c6be
1.51526 2.22396 0.0458431 0.0270462 -74.4287 334.404 1.13857 1adef
1.51636 2.22461 0.0440502 0.0259972 -74.8857 334.363 1.14032 1af37
1.51741 2.22524 0.0422859 0.0249481 -75.3243 334.323 1.142 28afa
1.51843 2.22583 0.0405598 0.0239277 -75.745 334.283 1.14361 1cfa7
1.5194 2.22641 0.0388718 0.0229359 -76.1483 334.245 1.14516 1ae26
1.52033 2.22696 0.0372171 0.0219536 -76.5344 334.208 1.14664 1d43a
1.52122 2.22748 0.0356007 0.0210094 -76.9038 334.172 1.14805 1ad04
1.52207 2.22798 0.0340176 0.0200653 -77.2567 334.138 1.14941 1ae45
1.52288 2.22846 0.0324678 0.0191593 -77.5936 334.104 1.1507 1ac16
1.52366 2.22892 0.030961 0.0182629 -77.9148 334.072 1.15193 1ad29
1.52439 2.22935 0.0294876 0.0174046 -78.2208 334.041 1.1531 1d474
1.52509 2.22977 0.0280523 0.0165462 -78.5119 334.011 1.15421 1accd
1.52576 2.23016 0.0266457 0.0157166 -78.7884 333.983 1.15527 1d01d
1.52639 2.23053 0.0252819 0.014925 -79.0507 333.955 1.15628 1aaf9
1.52699 2.23089 0.0239468 0.0141239 -79.2993 333.929 1.15723 1c058
1.52756 2.23122 0.0226593 0.0133705 -79.5344 333.904 1.15813 1ac90
1.52809 2.23154 0.0213957 0.0126266 -79.7565 333.881 1.15898 1ac97
1.5286 2.23183 0.020175 0.0119019 -79.9658 333.858 1.15978 1abb7
1.52907 2.23211 0.0189924 0.0112057 -80.1629 333.837 1.16054 1ac36
1.52952 2.23238 0.0178385 0.010519 -80.348 333.817 1.16125 1ad24
1.52994 2.23262 0.0167227 0.00987053 -80.5216 333.798 1.16191 1d4a3
1.53033 2.23285 0.015645 0.00923157 -80.6839 333.78 1.16253 1ca94
1.53069 2.23307 0.0146008 0.00861168 -80.8355 333.764 1.16311 1aa4e
1.53103 2.23327 0.0135994 0.0080204 -80.9766 333.748 1.16365 1ad06
1.53135 2.23346 0.0126219 0.0074482 -81.1076 333.734 1.16416 1d44e
1.53164 2.23363 0.011692 0.0069046 -81.229 333.72 1.16462 1acf5
1.53191 2.23379 0.0107908 0.00636101 -81.3409 333.708 1.16505 1b3c8
1.53216 2.23393 0.00993252 0.0058651 -81.4441 333.696 1.16544 1d46a
1.53239 2.23407 0.00909805 0.00536919 -81.5385 333.686 1.16581 1adb1
1.53259 2.23419 0.00831127 0.00490189 -81.6248 333.676 1.16614 1ade9
1.53278 2.2343 0.00755787 0.00445366 -81.7032 333.667 1.16644 1c959
1.53295 2.2344 0.00683784 0.00403404 -81.7741 333.659 1.16671 1ae38
1.53311 2.23449 0.0061512 0.0036335 -81.838 333.652 1.16695 1adea
1.53324 2.23458 0.00550747 0.00325203 -81.8952 333.645 1.16717 1adde
1.53337 2.23465 0.00489712 0.00288963 -81.946 333.64 1.16737 1ac54
1.53348 2.23471 0.00432014 0.00254631 -81.9909 333.635 1.16754 1a5cf
1.53357 2.23477 0.00378132 0.0022316 -82.03 333.63 1.16769 1d4bd
1.53365 2.23482 0.00327587 0.00193596 -82.0641 333.626 1.16782 1aca8
1.53372 2.23486 0.00281334 0.00164986 -82.0932 333.623 1.16793 1ad08
1.53378 2.23489 0.00237465 0.00141144 -82.1179 333.62 1.16803 1b151
1.53383 2.23492 0.00198364 0.00116348 -82.1385 333.618 1.1681 1cf90
1.53387 2.23495 0.00162601 0.000963211 -82.1553 333.616 1.16817 1adb7
1.5339 2.23496 0.00130177 0.000762939 -82.1689 333.614 1.16822 1adcd
1.53393 2.23498 0.00101089 0.000600815 -82.1795 333.613 1.16826 1ae0f
1.53395 2.23499 0.000762939 0.000448227 -82.1873 333.612 1.16829 1a937
1.53396 2.235 0.000543594 0.000324249 -82.193 333.611 1.16831 1ac7f
1.53397 2.235 0.000367165 0.000209808 -82.1967 333.611 1.16833 1d3d5
1.53398 2.23501 0.000219345 0.000133514 -82.1991 333.611 1.16834 1ad22
1.53398 2.23501 0.000114441 6.67572e-05 -82.2003 333.611 1.16834 1ad2a
1.53398 2.23501 4.29153e-05 2.86102e-05 -82.2007 333.611 1.16834 1abea
Target:8
0x201 1.53396 2.23501 
0x201 1.53396 2.23501 
0x201 1.53396 2.23501 
0x201 1.53396 2.23501 
0x201 1.53396 2.23501 
0x201 1.53396 2.23501 
0x201 1.53396 2.23501 
0x201 1.53396 2.23501 
0x201 1.53396 2.23501 
0x201 1.53396 2.23501 
0x201 1.53396 2.23501 
0x201 1.53396 2.23501 
0x201 1.53396 2.23501 
0x201 1.53396 2.23501 
0x201 1.53396 2.23501 
0x201 1.53396 2.23501 
0x201 1.53396 2.23501 
0x201 1.53396 2.23501 
0x201 1.53396 2.23501 
0x201 1.53396 2.23501 
0x201 1.53396 2.23501 
0x201 1.53396 2.23501 
0x201 1.53396 2.23501 
0x201 1.53396 2.23501 
0x201 1.53396 2.23501 
0x201 1.53396 2.23501 
0x201 1.53396 2.23501 
0x201 1.53396 2.23501 
0x201 1.53396 2.23501 
0x201 1.53396 2.23501 
0x201 1.53396 2.23501 
0x201 1.53396 2.23501 
0x201 1.53396 2.23501 
0x201 1.53396 2.23501 
0x201 1.53396 2.23501 
0x201 1.53396 2.23501 
0x201 1.53396 2.23501 
0x201 1.53396 2.23501 
0x201 1.53396 2.23501 
0x201 1.53396 2.23501 
0x201 1.53396 2.23501 
0x201 1.53396 2.23501 
0x201 1.53396 2.23501 
0x201 1.53396 2.23501 
0x201 1.53396 2.23501 
0x201 1.53396 2.23501 
0x201 1.53396 2.23501 
0x201 1.53396 2.23501 
0x201 1.53396 2.23501 
0x201 1.53396 2.23501 
0x201 1.53396 2.23501 
0x201 1.53396 2.23501 
0x201 1.53396 2.23501 
0x201 1.53396 2.23501 
0x201 1.53396 2.23501 
0x201 1.53396 2.23501 
0x201 1.53396 2.23501 
0x201 1.53396 2.23501 
0x201 1.53396 2.23501 
0x201 1.53396 2.23501 
0x201 1.53396 2.23501 
0x201 1.53396 2.23501 
0x201 1.53396 2.23501 
0x201 1.53396 2.23501 
0x201 1.53396 2.23501 
0x201 1.53396 2.23501 
0x201 1.53396 2.23501 
0x201 1.53396 2.23501 
0x201 1.53396 2.23501 
0x201 1.53396 2.23501 
0x201 1.53396 2.23501 
0x201 1.53396 2.23501 
0x201 1.53396 2.23501 
0x201 1.53396 2.23501 
0x201 1.53396 2.23501 
0x201 1.53396 2.23501 
0x201 1.53396 2.23501 
0x201 1.53396 2.23501 
0x201 1.53396 2.23501 
0x201 1.53396 2.23501 
0x201 1.53396 2.23501 
0x201 1.53396 2.23501 
0x201 1.53396 2.23501 
0x201 1.53396 2.23501 
0x201 1.53396 2.23501 
0x201 1.53396 2.23501 
0x201 1.53396 2.23501 
0x201 1.53396 2.23501 
0x201 1.53396 2.23501 
0x201 1.53396 2.23501 
0x201 1.53396 2.23501 
0x201 1.53396 2.23501 
0x201 1.53396 2.23501 
0x201 1.53396 2.23501 
0x201 1.53396 2.23501 
0x201 1.53396 2.23501 
0x201 1.53396 2.23501 
0x201 1.53396 2.23501 
0x201 1.53396 2.23501 
0x201 1.53396 2.23501 
0x201 1.53396 2.23501 
0x201 1.53396 2.23501 
0x201 1.53396 2.23501 
0x201 1.53396 2.23501 
0x201 1.53396 2.23501 
0x201 1.53396 2.23501 
0x201 1.53396 2.23501 
0x201 1.53396 2.23501 
0x201 1.53396 2.23501 
0x201 1.53396 2.23501 
0x201 1.53396 2.23501 
0x201 1.53396 2.23501 
0x201 1.53396 2.23501 
0x201 1.53396 2.23501 
0x201 1.53396 2.23501 
0x201 1.53396 2.23501 
0x201 1.53396 2.23501 
0x201 1.53396 2.23501 
0x201 1.53396 2.23501 
0x201 1.53396 2.23501 
0x201 1.53396 2.23501 
0x201 1.53396 2.23501 
0x201 1.53396 2.23501 
0x201 1.53396 2.23501 
0x201 1.53396 2.23501 
0x201 1.53396 2.23501 
0x201 1.53396 2.23501 
0x201 1.53396 2.23501 
0x201 1.53396 2.23501 
0x201 1.53396 2.23501 
0x201 1.53396 2.23501 
0x201 1.53396 2.23501 
0x201 1.53396 2.23501 
0x201 1.53396 2.23501 
0x201 1.53396 2.23501 
0x201 1.53396 2.23501 
0x201 1.53396 2.23501 
0x201 1.53396 2.23501 
0x201 1.53396 2.23501 
0x201 1.53396 2.23501 
0x201 1.53396 2.23501 
0x201 1.53396 2.23501 
0x201 1.53396 2.23501 
0x201 1.53396 2.23501 
0x201 1.53396 2.23501 
0x201 1.53396 2.23501 
0x201 1.53396 2.23501 
0x201 1.53396 2.23501 
0x201 1.53396 2.23501 
0x201 1.53396 2.23501 
0x201 1.53396 2.23501 
0x201 1.53396 2.23501 
0x201 1.53396 2.23501 
0x201 1.53396 2.23501 
0x201 1.53396 2.23501 
0x201 1.53396 2.23501 
0x201 1.53396 2.23501 
0x201 1.53396 2.23501 
0x201 1.53396 2.23501 
0x201 1.53396 2.23501 
0x201 1.53396 2.23501 
0x201 1.53396 2.23501 
0x201 1.53396 2.23501 
0x201 1.53396 2.23501 
0x201 1.53396 2.23501 
0x201 1.53396 2.23501 
0x201 1.53396 2.23501 
0x201 1.53396 2.23501 
0x201 1.53396 2.23501 
0x201 1.53396 2.23501 
0x201 1.53396 2.23501 
0x201 1.53396 2.23501 
0x201 1.53396 2.23501 
0x201 1.53396 2.23501 
0x201 1.53396 2.23501 
0x201 1.53396 2.23501 
0x201 1.53396 2.23501 
0x201 1.53396 2.23501 
0x201 1.53396 2.23501 
0x201 1.53396 2.23501 
0x201 1.53396 2.23501 
0x201 1.53396 2.23501 
0x201 1.53396 2.23501 
0x201 1.53396 2.23501 
0x201 1.53396 2.23501 
0x201 1.53396 2.23501 
0x201 1.53396 2.23501 
0x201 1.53396 2.23501 
0x201 1.53396 2.23501 
0x201 1.53396 2.23501 
0x201 1.53396 2.23501 
0x201 1.53396 2.23501 
0x201 1.53396 2.23501 
0x201 1.53396 2.23501 
0x201 1.53396 2.23501 
0x201 1.53396 2.23501 
0x201 1.53396 2.23501 
0x201 1.53396 2.23501 
0x201 1.53396 2.23501 
0x201 1.53396 2.23501 
0x201 1.53396 2.23501 
0x201 1.53396 2.23501 
0x201 1.53396 2.23501 
0x201 1.53396 2.23501 
0x201 1.53396 2.23501 
0x201 1.53396 2.23501 
0x201 1.53396 2.23501 
0x201 1.53396 2.23501 
0x201 1.53396 2.23501 
0x201 1.53396 2.23501 
0x201 1.53396 2.23501 
0x201 1.53396 2.23501 
0x201 1.53396 2.23501 
0x201 1.53396 2.23501 
0x201 1.53396 2.23501 
0x201 1.53396 2.23501 
0x201 1.53396 2.23501 
0x201 1.53396 2.23501 
0x201 1.53396 2.23501 
0x201 1.53396 2.23501 
0x201 1.53396 2.23501 
0x201 1.53396 2.23501 
0x201 1.53396 2.23501 
0x201 1.53396 2.23501 
0x201 1.53396 2.23501 
0x201 1.53396 2.23501 
0x201 1.53396 2.23501 
0x201 1.53396 2.23501 
0x201 1.53396 2.23501 
0x201 1.53396 2.23501 
0x201 1.53396 2.23501 
0x201 1.53396 2.23501 
0x201 1.53396 2.23501 
0x201 1.53396 2.23501 
0x201 1.53396 2.23501 
0x201 1.53396 2.23501 
0x201 1.53396 2.23501 
0x201 1.53396 2.23501 
0x201 1.53396 2.23501 
0x201 1.53396 2.23501 
0x201 1.53396 2.23501 
0x201 1.53396 2.23501 
0x201 1.53396 2.23501 
0x201 1.53396 2.23501 
0x201 1.53396 2.23501 
0x201 1.53396 2.23501 
0x201 1.53396 2.23501 
0x201 1.53396 2.23501 
0x201 1.53396 2.23501 
0x201 1.53396 2.23501 
0x201 1.53396 2.23501 
0x201 1.53396 2.23501 
0x201 1.53396 2.23501 
0x201 1.53396 2.23501 
0x201 1.53396 2.23501 
0x201 1.53396 2.23501 
0x201 1.53396 2.23501 
0x201 1.53396 2.23501 
0x201 1.53396 2.23501 
0x201 1.53396 2.23501 
0x201 1.53396 2.23501 
0x201 1.53396 2.23501 
0x201 1.53396 2.23501 
0x201 1.53396 2.23501 
0x201 1.53396 2.23501 
0x201 1.53396 2.23501 
0x201 1.53396 2.23501 
0x201 1.53396 2.23501 
0x201 1.53396 2.23501 
0x201 1.53396 2.23501 
0x201 1.53396 2.23501 
0x201 1.53396 2.23501 
0x201 1.53396 2.23501 
0x201 1.53396 2.23501 
0x201 1.53396 2.23501 
0x201 1.53396 2.23501 
0x201 1.53396 2.23501 
0x201 1.53396 2.23501 
0x201 1.53396 2.23501 
0x201 1.53396 2.23501 
0x201 1.53396 2.23501 
0x201 1.53396 2.23501 
0x201 1.53396 2.23501 
0x201 1.53396 2.23501 
0x201 1.53396 2.23501 
0x201 1.53396 2.23501 
0x201 1.53396 2.23501 
0x201 1.53396 2.23501 
0x201 1.53396 2.23501 
0x201 1.53396 2.23501 
0x201 1.53396 2.23501 
0x201 1.53396 2.23501 
0x201 1.53396 2.23501 
0x201 1.53396 2.23501 
0x201 1.53396 2.23501 
0x201 1.53396 2.23501 
0x201 1.53396 2.23501 
0x201 1.53396 2.23501 
0x201 1.53396 2.23501 
0x201 1.53396 2.23501 
0x201 1.53396 2.23501 
0x201 1.53396 2.23501 
0x201 1.53396 2.23501 
0x201 1.53396 2.23501 
0x201 1.53396 2.23501 
0x201 1.53396 2.23501 
0x201 1.53396 2.23501 
0x201 1.53396 2.23501 
0x201 1.53396 2.23501 
0x201 1.53396 2.23501 
0x201 1.53396 2.23501 
0x201 1.53396 2.23501 
0x201 1.53396 2.23501 
0x201 1.53396 2.23501 
0x201 1.53396 2.23501 
0x201 1.53396 2.23501 
0x201 1.53396 2.23501 
0x201 1.53396 2.23501 
0x201 1.53396 2.23501 
0x201 1.53396 2.23501 
0x201 1.53396 2.23501 
0x201 1.53396 2.23501 
0x201 1.53396 2.23501 
0x201 1.53396 2.23501 
0x201 1.53396 2.23501 
0x201 1.53396 2.23501 
0x201 1.53396 2.23501 
0x201 1.53396 2.23501 
0x201 1.53396 2.23501 
0x201 1.53396 2.23501 
0x201 1.53396 2.23501 
0x201 1.53396 2.23501 
0x201 1.53396 2.23501 
0x201 1.53396 2.23501 
0x201 1.53396 2.23501 
0x201 1.53396 2.23501 
0x201 1.53396 2.23501 
0x201 1.53396 2.23501 
0x201 1.53396 2.23501 
0x201 1.53396 2.23501 
0x201 1.53396 2.23501 
0x201 1.53396 2.23501 
0x201 1.53396 2.23501 
0x201 1.53396 2.23501 
0x201 1.53396 2.23501 
0x201 1.53396 2.23501 
0x201 1.53396 2.23501 
0x201 1.53396 2.23501 
0x201 1.53396 2.23501 
0x201 1.53396 2.23501 
0x201 1.53396 2.23501 
0x201 1.53396 2.23501 
0x201 1.53396 2.23501 
0x201 1.53396 2.23501 
0x201 1.53396 2.23501 
0x201 1.53396 2.23501 
0x201 1.53396 2.23501 
0x201 1.53396 2.23501 
0x201 1.53396 2.23501 
0x201 1.53396 2.23501 
0x201 1.53396 2.23501 
0x201 1.53396 2.23501 
0x201 1.53396 2.23501 
0x201 1.53396 2.23501 
0x201 1.53396 2.23501 
0x201 1.53396 2.23501 
0x201 1.53396 2.23501 
0x201 1.53396 2.23501 
0x201 1.53396 2.23501 
0x201 1.53396 2.23501 
0x201 1.53396 2.23501 
0x201 1.53396 2.23501 
0x201 1.53396 2.23501 
0x201 1.53396 2.23501 
0x201 1.53396 2.23501 
0x201 1.53396 2.23501 
0x201 1.53396 2.23501 
0x201 1.53396 2.23501 
0x201 1.53396 2.23501 
0x201 1.53396 2.23501 
0x201 1.53396 2.23501 
0x201 1.53396 2.23501 
0x201 1.53396 2.23501 
0x201 1.53396 2.23501 
0x201 1.53396 2.23501 
0x201 1.53396 2.23501 
0x201 1.53396 2.23501 
0x201 1.53396 2.23501 
0x201 1.53396 2.23501 
0x201 1.53396 2.23501 
0x201 1.53396 2.23501 
0x201 1.53396 2.23501 
0x201 1.53396 2.23501 
0x201 1.53396 2.23501 
0x201 1.53396 2.23501 
0x201 1.53396 2.23501 
0x201 1.53396 2.23501 
0x201 1.53396 2.23501 
0x201 1.53396 2.23501 
0x201 1.53396 2.23501 
0x201 1.53396 2.23501 
0x201 1.53396 2.23501 
0x201 1.53396 2.23501 
0x201 1.53396 2.23501 
0x201 1.53396 2.23501 
0x201 1.53396 2.23501 
0x201 1.53396 2.23501 
0x201 1.53396 2.23501 
0x201 1.53396 2.23501 
0x201 1.53396 2.23501 
0x201 1.53396 2.23501 
0x201 1.53396 2.23501 
0x201 1.53396 2.23501 
0x201 1.53396 2.23501 
0x201 1.53396 2.23501 
0x201 1.53396 2.23501 
0x201 1.53396 2.23501 
0x201 1.53396 2.23501 
0x201 1.53396 2.23501 
0x201 1.53396 2.23501 
0x201 1.53396 2.23501 
0x201 1.53396 2.23501 
0x201 1.53396 2.23501 
0x201 1.53396 2.23501 
0x201 1.53396 2.23501 
0x201 1.53396 2.23501 
0x201 1.53396 2.23501 
0x201 1.53396 2.23501 
0x201 1.53396 2.23501 
0x201 1.53396 2.23501 
0x201 1.53396 2.23501 
0x201 1.53396 2.23501 
0x201 1.53396 2.23501 
0x201 1.53396 2.23501 
0x201 1.53396 2.23501 
0x201 1.53396 2.23501 
0x201 1.53396 2.23501 
0x201 1.53396 2.23501 
0x201 1.53396 2.23501 
0x201 1.53396 2.23501 
0x201 1.53396 2.23501 
0x201 1.53396 2.23501 
0x201 1.53396 2.23501 
0x201 1.53396 2.23501 
0x201 1.53396 2.23501 
0x201 1.53396 2.23501 
0x201 1.53396 2.23501 
0x201 1.53396 2.23501 
0x201 1.53396 2.23501 
0x201 1.53396 2.23501 
0x201 1.53396 2.23501 
0x201 1.53396 2.23501 
0x201 1.53396 2.23501 
0x201 1.53396 2.23501 
0x201 1.53396 2.23501 
0x201 1.53396 2.23501 
0x201 1.53396 2.23501 
0x201 1.53396 2.23501 
0x201 1.53396 2.23501 
0x201 1.53396 2.23501 
0x201 1.53396 2.23501 
0x201 1.53396 2.23501 
0x201 1.53396 2.23501 
0x201 1.53396 2.23501 
0x201 1.53396 2.23501 
0x201 1.53396 2.23501 
0x201 1.53396 2.23501 
0x201 1.53396 2.23501 
0x201 1.53396 2.23501 
0x201 1.53396 2.23501 
0x201 1.53396 2.23501 
0x201 1.53396 2.23501 
0x201 1.53396 2.23501 
0x201 1.53396 2.23501 
0x201 1.53396 2.23501 
0x201 1.53396 2.23501 
0x201 1.53396 2.23501 
0x201 1.53396 2.23501 
0x201 1.53396 2.23501 
0x201 1.53396 2.23501 
0x201 1.53396 2.23501 
0x201 1.53396 2.23501 
0x201 1.53396 2.23501 
0x201 1.53396 2.23501 
0x201 1.53396 2.23501 
0x201 1.53396 2.23501 
0x201 1.53396 2.23501 
0x201 1.53396 2.23501 
0x201 1.53396 2.23501 
0x201 1.53396 2.23501 
0x201 1.53396 2.23501 
0x201 1.53396 2.23501 
0x201 1.53396 2.23501 
0x201 1.53396 2.23501 
0x201 1.53396 2.23501 
0x201 1.53396 2.23501 
0x201 1.53396 2.23501 
0x201 1.53396 2.23501 
0x201 1.53396 2.23501 
0x201 1.53396 2.23501 
0x201 1.53396 2.23501 
0x201 1.53396 2.23501 
0x201 1.53396 2.23501 
0x201 1.53396 2.23501 
0x201 1.53396 2.23501 
0x201 1.53396 2.23501 
0x201 1.53396 2.23501 
0x201 1.53396 2.23501 
0x201 1.53396 2.23501 
0x201 1.53396 2.23501 
0x201 1.53396 2.23501 
0x201 1.53396 2.23501 
0x201 1.53396 2.23501 
0x201 1.53396 2.23501 
0x201 1.53396 2.23501 
0x201 1.53396 2.23501 
0x201 1.53396 2.23501 
0x201 1.53396 2.23501 
0x201 1.53396 2.23501 
0x201 1.53396 2.23501 
0x201 1.53396 2.23501 
0x201 1.53396 2.23501 
0x201 1.53396 2.23501 
0x201 1.53396 2.23501 
0x201 1.53396 2.23501 
0x201 1.53396 2.23501 
0x201 1.53396 2.23501 
0x201 1.53396 2.23501 
0x201 1.53396 2.23501 
0x201 1.53396 2.23501 
0x201 1.53396 2.23501 
0x201 1.53396 2.23501 
0x201 1.53396 2.23501 
0x201 1.53396 2.23501 
0x201 1.53396 2.23501 
0x201 1.53396 2.23501 
0x201 1.53396 2.23501 
0x201 1.53396 2.23501 
0x201 1.53396 2.23501 
0x201 1.53396 2.23501 
0x201 1.53396 2.23501 
0x201 1.53396 2.23501 
0x201 1.53396 2.23501 
0x201 1.53396 2.23501 
0x201 1.53396 2.23501 
0x201 1.53396 2.23501 
0x201 1.53396 2.23501 
0x201 1.53396 2.23501 
0x201 1.53396 2.23501 
0x201 1.53396 2.23501 
0x201 1.53396 2.23501 
0x201 1.53396 2.23501 
0x201 1.53396 2.23501 
0x201 1.53396 2.23501 
0x201 1.53396 2.23501 
0x201 1.53396 2.23501 
0x201 1.53396 2.23501 
0x201 1.53396 2.23501 
0x201 1.53396 2.23501 
0x201 1.53396 2.23501 
0x201 1.53396 2.23501 
0x201 1.53396 2.23501 
0x201 1.53396 2.23501 
0x201 1.53396 2.23501 
0x201 1.53396 2.23501 
0x201 1.53396 2.23501 
0x201 1.53396 2.23501 
0x201 1.53396 2.23501 
0x201 1.53396 2.23501 
0x201 1.53396 2.23501 
0x201 1.53396 2.23501 
0x201 1.53396 2.23501 
0x201 1.53396 2.23501 
0x201 1.53396 2.23501 
0x201 1.53396 2.23501 
0x201 1.53396 2.23501 
0x201 1.53396 2.23501 
0x201 1.53396 2.23501 
0x201 1.53396 2.23501 
0x201 1.53396 2.23501 
0x201 1.53396 2.23501 
0x201 1.53396 2.23501 
0x201 1.53396 2.23501 
0x201 1.53396 2.23501 
0x201 1.53396 2.23501 
0x201 1.53396 2.23501 
0x201 1.53396 2.23501 
0x201 1.53396 2.23501 
0x201 1.53396 2.23501 
0x201 1.53396 2.23501 
0x201 1.53396 2.23501 
0x201 1.53396 2.23501 
0x201 1.53396 2.23501 
0x201 1.53396 2.23501 
0x201 1.53396 2.23501 
0x201 1.53396 2.23501 
0x201 1.53396 2.23501 
0x201 1.53396 2.23501 
0x201 1.53396 2.23501 
0x201 1.53396 2.23501 
0x201 1.53396 2.23501 
0x201 1.53396 2.23501 
0x201 1.53396 2.23501 
0x201 1.53396 2.23501 
0x201 1.53396 2.23501 
0x201 1.53396 2.23501 
0x201 1.53396 2.23501 
0x201 1.53396 2.23501 
0x201 1.53396 2.23501 
0x201 1.53396 2.23501 
0x201 1.53396 2.23501 
0x201 1.53396 2.23501 
0x201 1.53396 2.23501 
0x201 1.53396 2.23501 
0x201 1.53396 2.23501 
0x201 1.53396 2.23501 
0x201 1.53396 2.23501 
0x201 1.53396 2.23501 
0x201 1.53396 2.23501 
0x201 1.53396 2.23501 
0x201 1.53396 2.23501 
0x201 1.53396 2.23501 
0x201 1.53396 2.23501 
0x201 1.53396 2.23501 
0x201 1.53396 2.23501 
0x201 1.53396 2.23501 
0x201 1.53396 2.23501 
